2008.0, 1.0, 25, 374, 1, 9.1, 301.9, 995.106966075, 18.1084423065, 37.0400009155, 4, 0, 164.438023915
2008.0, 1.0, 25, 375, 1, 9.4, 301.7, 993.4, 19.4, 36.6696008682, 4, 0, 176.889507637
2008.0, 1.0, 25, 376, 1, 9.7, 301.6, 989.7, 22.2, 36.2992008209, 4, 0, 199.47009491
2008.0, 1.0, 25, 377, 1, 10.1, 301.4, 984.5, 25.8, 35.9288007736, 4, 0, 226.337780321
2008.0, 1.0, 25, 378, 1, 10.5, 301.2, 978.6, 29.7, 35.5584007263, 4, 0, 210.148773511
2008.0, 1.0, 25, 379, 1, 10.9, 301.0, 971.9, 33.9, 35.188000679, 4, 0, 174.644319462
2008.0, 1.0, 25, 380, 1, 11.3, 300.7, 964.5, 38.3, 34.8176006317, 4, 0, 135.517077189
2008.0, 1.0, 25, 381, 1, 11.6, 300.4, 959.0, 41.5, 34.4472005844, 4, 0, 106.52522987
2008.0, 1.0, 25, 382, 1, 11.9, 300.1, 957.4, 42.4, 34.0768005371, 4, 0, 93.1409616559
2008.0, 1.0, 25, 383, 1, 12.1, 299.7, 955.4, 43.5, 33.7064004898, 4, 0, 87.3718181831
2008.0, 1.0, 25, 384, 1, 12.3, 299.2, 959.7, 41.1, 33.3360004425, 4, 0, 72.5198702524
2008.0, 1.0, 25, 385, 1, 12.5, 298.7, 961.1, 40.3, 32.9656003952, 4, 0, 13.670107013
2008.0, 1.0, 25, 386, 1, 12.6, 298.3, 961.3, 40.1, 32.5952003479, 4, 0, 25.9619693124
2008.0, 1.0, 25, 387, 1, 12.8, 298.0, 961.7, 39.9, 32.2248003006, 4, 0, 66.0209876085
2008.0, 1.0, 25, 388, 1, 13.0, 297.8, 962.4, 39.6, 31.8544002533, 4, 0, 96.9898717787
2008.0, 1.0, 25, 389, 1, 13.2, 297.7, 963.2, 39.1, 31.484000206, 4, 0, 112.923879417
2008.0, 1.0, 25, 390, 1, 13.4, 297.6, 966.5, 37.2, 31.1136001587, 4, 0, 125.512752051
2008.0, 1.0, 25, 391, 1, 13.6, 297.5, 968.3, 36.2, 30.7432001114, 4, 0, 141.079213909
2008.0, 1.0, 25, 392, 1, 13.8, 297.4, 962.0, 39.9, 30.3728000641, 4, 0, 158.879552488
2008.0, 1.0, 25, 393, 1, 14.0, 297.3, 955.4, 43.6, 30.0024000168, 4, 0, 178.066290128
2008.0, 1.0, 25, 394, 1, 14.1, 297.3, 955.3, 43.6, 29.6319999695, 4, 0, 180.506829337
2008.0, 1.0, 25, 395, 1, 14.3, 297.3, 954.7, 44.0, 29.2615999222, 4, 0, 172.25549313
2008.0, 1.0, 25, 396, 1, 14.4, 297.3, 954.8, 44.0, 28.8911998749, 4, 0, 168.980760464
2008.0, 1.0, 25, 397, 1, 14.5, 297.3, 959.4, 41.4, 28.5207998276, 4, 0, 166.316257455
2008.0, 1.0, 25, 398, 1, 14.6, 297.2, 961.3, 40.4, 28.1503997803, 4, 0, 171.480279538
2008.0, 1.0, 25, 399, 1, 14.7, 297.1, 961.8, 40.1, 27.779999733, 4, 0, 177.886990032
2008.0, 1.0, 25, 400, 1, 14.8, 297.1, 960.3, 40.9, 27.4095996857, 4, 0, 174.659102566
2008.0, 1.0, 25, 401, 1, 14.9, 297.1, 958.1, 42.2, 27.0391996384, 4, 0, 171.007320684
2008.0, 1.0, 25, 402, 1, 15.0, 297.1, 952.1, 45.5, 26.6687995911, 4, 0, 167.146931266
2008.0, 1.0, 25, 403, 1, 15.1, 297.1, 950.1, 46.6, 26.2983995438, 4, 0, 163.328191275
2008.0, 1.0, 25, 404, 1, 15.2, 297.0, 947.8, 47.8, 25.9279994965, 4, 0, 166.392127497
2008.0, 1.0, 25, 405, 1, 15.3, 297.1, 949.0, 47.2, 25.5575994492, 4, 0, 151.065136319
2008.0, 1.0, 25, 406, 1, 15.4, 297.1, 951.8, 45.7, 25.1871994019, 4, 0, 145.550015896
2008.0, 1.0, 25, 407, 1, 15.6, 297.1, 951.1, 46.1, 24.8167993546, 4, 0, 135.978365596
2008.0, 1.0, 25, 408, 1, 15.8, 297.1, 950.6, 46.4, 24.4463993073, 4, 0, 124.901199134
2008.0, 1.0, 25, 409, 1, 16.1, 297.0, 948.6, 47.5, 24.0759992599, 4, 0, 108.700399821
2008.0, 1.0, 25, 410, 1, 16.3, 297.0, 942.4, 50.8, 23.7055992126, 4, 0, 96.1231415808
2008.0, 1.0, 25, 411, 1, 16.4, 296.9, 937.8, 53.2, 23.3351991653, 4, 0, 94.2691980217
2008.0, 1.0, 25, 412, 1, 16.6, 296.7, 932.3, 56.0, 22.964799118, 4, 0, 93.7323997032
2008.0, 1.0, 25, 413, 1, 16.8, 296.6, 926.3, 59.0, 22.5943990707, 4, 0, 86.1315295052
2008.0, 1.0, 25, 414, 1, 17.1, 296.4, 923.7, 60.3, 22.2239990234, 4, 0, 68.7046977639
2008.0, 1.0, 25, 415, 1, 17.4, 296.0, 925.3, 59.6, 23.4586656805, 4, 0, 74.0360259329
2008.0, 1.0, 25, 416, 1, 17.7, 295.8, 930.2, 57.2, 24.6933323375, 4, 0, 40.8929574349
2008.0, 1.0, 25, 417, 1, 18.1, 295.5, 935.9, 54.4, 25.9279989945, 4, 0, 31.3320320035
2008.0, 1.0, 25, 418, 1, 18.5, 295.2, 943.8, 50.4, 27.1626656516, 4, 0, 15.3125659568
2008.0, 1.0, 25, 419, 1, 19.0, 294.8, 949.9, 47.3, 28.3973323086, 4, 0, 73.376007433
2008.0, 1.0, 25, 420, 1, 19.5, 294.4, 956.4, 43.9, 29.6319989656, 4, 0, 120.948208918
2008.0, 1.0, 25, 421, 1, 20.0, 294.0, 960.4, 41.7, 30.8666656226, 4, 0, 170.753165242
2008.0, 1.0, 25, 422, 1, 20.4, 293.6, 957.7, 43.3, 32.1013322797, 4, 0, 212.010727676
2008.0, 1.0, 25, 423, 1, 20.8, 293.3, 954.4, 45.1, 33.3359989367, 4, 0, 256.686755077
2008.0, 1.0, 25, 424, 1, 21.2, 293.1, 954.2, 45.3, 34.5706655937, 4, 0, 299.166876327
2008.0, 1.0, 25, 425, 1, 21.6, 293.0, 951.0, 47.1, 35.8053322508, 4, 0, 343.147208876
2008.0, 1.0, 25, 426, 1, 22.0, 292.9, 946.1, 49.7, 37.0399989078, 4, 0, 375.837861142
2008.0, 1.0, 25, 427, 1, 22.4, 293.0, 940.1, 52.9, 38.2746655648, 4, 0, 417.904534079
2008.0, 1.0, 25, 428, 1, 22.8, 293.3, 940.7, 52.7, 39.5093322219, 4, 0, 473.460098629
2008.0, 1.0, 25, 429, 1, 23.2, 293.7, 941.7, 52.3, 40.7439988789, 4, 0, 523.270649111
2008.0, 1.0, 25, 430, 1, 23.7, 294.0, 944.6, 50.9, 41.9786655359, 4, 0, 577.92998337
2008.0, 1.0, 25, 431, 1, 24.2, 294.3, 943.7, 51.5, 43.2133321929, 4, 0, 622.579145592
2008.0, 1.0, 25, 432, 1, 24.7, 294.5, 940.2, 53.3, 44.44799885, 4, 0, 672.430619025
2008.0, 1.0, 25, 433, 1, 25.2, 294.7, 939.6, 53.7, 45.682665507, 4, 0, 723.788031291
2008.0, 1.0, 25, 434, 1, 25.8, 295.2, 939.4, 53.9, 46.917332164, 4, 0, 716.180327451
2008.0, 1.0, 25, 435, 1, 26.4, 295.6, 940.7, 53.4, 48.1519988211, 4, 0, 651.274427923
2008.0, 1.0, 25, 436, 1, 27.1, 295.9, 941.5, 53.1, 49.3866654781, 4, 0, 577.479450695
2008.0, 1.0, 25, 437, 1, 27.5, 296.4, 944.8, 51.5, 50.6213321351, 4, 0, 544.762160193
2008.0, 1.0, 25, 438, 1, 27.9, 297.1, 949.2, 49.3, 51.8559987921, 4, 0, 528.417196317
2008.0, 1.0, 25, 439, 1, 28.3, 297.8, 952.1, 47.9, 53.0906654492, 4, 0, 525.997166695
2008.0, 1.0, 25, 440, 1, 28.8, 298.5, 951.2, 48.5, 54.3253321062, 4, 0, 528.091853471
2008.0, 1.0, 25, 441, 1, 29.2, 299.2, 948.0, 50.3, 55.5599987632, 4, 0, 554.011059275
2008.0, 1.0, 25, 442, 1, 29.7, 300.0, 943.7, 52.6, 56.7946654203, 4, 0, 596.474507293
2008.0, 1.0, 25, 443, 1, 30.2, 300.8, 941.0, 54.0, 58.0293320773, 4, 0, 653.110982685
2008.0, 1.0, 25, 444, 1, 30.7, 301.6, 938.7, 55.3, 59.2639987343, 4, 0, 720.62812767
2008.0, 1.0, 25, 445, 1, 31.2, 302.5, 939.3, 55.1, 60.4986653914, 4, 0, 807.235818371
2008.0, 1.0, 25, 446, 1, 31.7, 303.4, 942.3, 53.7, 61.7333320484, 4, 0, 900.073031404
2008.0, 1.0, 25, 447, 1, 32.3, 304.4, 946.8, 51.4, 62.9679987054, 4, 0, 1008.40458091
2008.0, 1.0, 25, 448, 1, 32.9, 305.4, 951.1, 49.3, 64.2026653624, 4, 0, 1121.25543732
2008.0, 1.0, 25, 449, 1, 33.4, 306.7, 956.9, 46.3, 65.4373320195, 4, 0, 1269.46749547
2008.0, 1.0, 25, 450, 1, 34.0, 308.0, 963.1, 43.0, 66.6719986765, 4, 0, 1403.92945299
2008.0, 1.0, 25, 451, 1, 34.6, 309.5, 962.9, 43.2, 67.9066653335, 4, 0, 1368.63402945
2008.0, 1.0, 25, 452, 1, 35.1, 311.0, 962.2, 43.6, 69.1413319906, 4, 0, 1361.17324185
2008.0, 1.0, 25, 453, 1, 35.6, 312.6, 962.3, 43.6, 70.3759986476, 4, 0, 1380.89001291
2008.0, 1.0, 25, 454, 1, 36.2, 314.2, 963.6, 43.0, 71.6106653046, 4, 0, 1415.54269051
2008.0, 1.0, 25, 455, 1, 36.8, 316.0, 966.0, 41.7, 72.8453319616, 4, 0, 1445.07891151
2008.0, 1.0, 25, 456, 1, 37.4, 317.8, 967.1, 41.1, 74.0799986187, 4, 0, 1235.98177427
2008.0, 1.0, 25, 457, 1, 38.0, 319.6, 966.4, 41.5, 75.3146652757, 4, 0, 1027.57144947
2008.0, 1.0, 25, 458, 1, 38.5, 321.4, 966.9, 41.2, 76.5493319327, 4, 0, 821.651570037
2008.0, 1.0, 25, 459, 1, 39.2, 323.4, 966.6, 41.4, 77.7839985898, 4, 0, 593.245423614
2008.0, 1.0, 25, 460, 1, 40.0, 325.6, 966.5, 41.4, 79.0186652468, 4, 0, 353.422321837
2008.0, 1.0, 25, 461, 1, 40.8, 328.0, 966.7, 41.3, 80.2533319038, 4, 0, 154.47446696
2008.0, 1.0, 25, 462, 1, 41.9, 330.6, 968.0, 40.4, 81.4879985609, 4, 0, 306.226966836
2008.0, 1.0, 25, 463, 1, 42.9, 333.0, 969.1, 39.6, 82.7226652179, 4, 0, 437.717874664
2008.0, 1.0, 25, 464, 1, 43.8, 335.6, 970.2, 38.8, 83.9573318749, 4, 0, 632.877011999
2008.0, 1.0, 25, 465, 1, 44.7, 338.3, 971.5, 37.7, 85.1919985319, 4, 0, 852.221352821
2008.0, 1.0, 25, 466, 1, 45.5, 341.4, 971.0, 37.8, 86.426665189, 4, 0, 1068.33254467
2008.0, 1.0, 25, 467, 1, 46.4, 344.6, 970.1, 38.1, 87.661331846, 4, 0, 772.896473873
2008.0, 1.0, 25, 468, 1, 47.1, 348.1, 970.2, 37.9, 88.895998503, 4, 0, 529.138473255
2008.0, 1.0, 25, 469, 1, 48.0, 351.6, 970.7, 37.4, 90.1306651601, 4, 0, 365.542060178
2008.0, 1.0, 25, 470, 1, 48.6, 354.3, 971.6, 36.8, 91.3653318171, 4, 0, 64.2625984238
2008.0, 1.0, 25, 471, 1, 49.0, 357.3, 972.9, 36.0, 92.5999984741, 4, 0, 37.3647291983
