2008.0, 1.0, 30, 763, 1, 13.4, 297.4, 996.663097453, 18.1084423065, 27.7800006866, 2, 0, 147.556028982
2008.0, 1.0, 30, 764, 1, 13.6, 297.4, 995.4, 19.1, 27.7800006866, 2, 0, 151.777753713
2008.0, 1.0, 30, 765, 1, 13.8, 297.4, 993.0, 21.0, 27.7800006866, 2, 0, 158.879552488
2008.0, 1.0, 30, 766, 1, 14.0, 297.3, 990.2, 23.1, 27.7800006866, 2, 0, 178.066290128
2008.0, 1.0, 30, 767, 1, 14.1, 297.2, 986.3, 25.9, 27.7800006866, 2, 0, 190.76871672
2008.0, 1.0, 30, 768, 1, 14.2, 297.1, 982.7, 28.3, 27.7800006866, 2, 0, 196.909285646
2008.0, 1.0, 30, 769, 1, 14.4, 296.9, 982.1, 28.7, 27.7800006866, 2, 0, 211.013626726
2008.0, 1.0, 30, 770, 1, 14.6, 296.7, 982.8, 28.3, 27.7800006866, 2, 0, 223.587014205
2008.0, 1.0, 30, 771, 1, 14.8, 296.4, 983.9, 27.6, 27.7800006866, 2, 0, 246.516188451
2008.0, 1.0, 30, 772, 1, 15.0, 296.0, 984.3, 27.3, 27.7800006866, 2, 0, 273.208665217
2008.0, 1.0, 30, 773, 1, 15.3, 295.7, 980.3, 30.0, 27.7800006866, 2, 0, 270.357869044
2008.0, 1.0, 30, 774, 1, 15.6, 295.6, 977.3, 31.9, 27.7800006866, 2, 0, 235.669603546
2008.0, 1.0, 30, 775, 1, 15.9, 295.5, 974.7, 33.6, 27.7800006866, 2, 0, 201.13795663
2008.0, 1.0, 30, 776, 1, 16.1, 295.4, 974.2, 33.9, 27.7800006866, 2, 0, 177.4024541
2008.0, 1.0, 30, 777, 1, 16.3, 295.5, 973.9, 34.1, 27.7800006866, 2, 0, 157.099645748
2008.0, 1.0, 30, 778, 1, 16.6, 295.6, 976.1, 32.8, 27.7800006866, 2, 0, 126.884651468
2008.0, 1.0, 30, 779, 1, 16.9, 295.7, 976.6, 32.6, 27.7800006866, 2, 0, 98.6611925554
2008.0, 1.0, 30, 780, 1, 17.1, 295.8, 973.7, 34.4, 27.7800006866, 2, 0, 82.9134959495
2008.0, 1.0, 30, 781, 1, 17.2, 295.9, 971.7, 35.6, 27.7800006866, 2, 0, 80.1862515196
2008.0, 1.0, 30, 782, 1, 17.4, 296.0, 969.5, 37.0, 27.7800006866, 2, 0, 74.0360259329
2008.0, 1.0, 30, 783, 1, 17.6, 295.9, 966.5, 38.7, 27.7800006866, 2, 0, 54.3626421039
2008.0, 1.0, 30, 784, 1, 17.8, 296.0, 963.8, 40.2, 27.7800006866, 2, 0, 62.8362284601
2008.0, 1.0, 30, 785, 1, 18.0, 296.1, 961.1, 41.8, 27.7800006866, 2, 0, 72.9618332884
2008.0, 1.0, 30, 786, 1, 18.1, 296.3, 959.2, 42.8, 27.7800006866, 2, 0, 58.7502551412
2008.0, 1.0, 30, 787, 1, 18.2, 296.6, 959.0, 43.0, 27.7800006866, 2, 0, 25.221446989
2008.0, 1.0, 30, 788, 1, 18.2, 297.0, 957.7, 43.7, 27.7800006866, 2, 0, 2.53732970304
2008.0, 1.0, 30, 789, 1, 18.3, 297.3, 956.2, 44.5, 27.7800006866, 2, 0, 29.7423142086
2008.0, 1.0, 30, 790, 1, 18.3, 297.7, 954.7, 45.3, 27.7800006866, 2, 0, 69.6146323342
2008.0, 1.0, 30, 791, 1, 18.4, 298.0, 954.8, 45.3, 27.7800006866, 2, 0, 76.2463669819
2008.0, 1.0, 30, 792, 1, 18.4, 298.4, 955.5, 45.0, 27.7800006866, 2, 0, 79.3503324122
2008.0, 1.0, 30, 793, 1, 18.4, 298.8, 954.0, 45.8, 27.7800006866, 2, 0, 102.144585324
2008.0, 1.0, 30, 794, 1, 18.4, 299.2, 953.0, 46.4, 27.7800006866, 2, 0, 134.429502035
2008.0, 1.0, 30, 795, 1, 18.4, 299.6, 952.1, 46.8, 27.7800006866, 2, 0, 171.505567112
2008.0, 1.0, 30, 796, 1, 18.4, 299.8, 950.3, 47.8, 27.7800006866, 2, 0, 191.125312146
2008.0, 1.0, 30, 797, 1, 18.4, 300.1, 949.6, 48.2, 27.7800006866, 2, 0, 221.47939225
2008.0, 1.0, 30, 798, 1, 18.5, 300.4, 949.4, 48.3, 27.7800006866, 2, 0, 256.53966098
2008.0, 1.0, 30, 799, 1, 18.6, 300.8, 949.3, 48.4, 27.7800006866, 2, 0, 301.980090603
2008.0, 1.0, 30, 800, 1, 18.9, 301.2, 952.1, 47.1, 28.4745007038, 2, 0, 355.70149219
2008.0, 1.0, 30, 801, 1, 19.1, 301.7, 955.0, 45.6, 29.169000721, 2, 0, 415.524450596
2008.0, 1.0, 30, 802, 1, 19.5, 302.2, 955.7, 45.3, 29.8635007381, 2, 0, 484.434370801
2008.0, 1.0, 30, 803, 1, 19.9, 302.8, 956.4, 45.1, 30.5580007553, 2, 0, 563.832651299
2008.0, 1.0, 30, 804, 1, 20.3, 303.4, 958.5, 44.1, 31.2525007725, 2, 0, 643.412323712
2008.0, 1.0, 30, 805, 1, 20.8, 304.0, 960.4, 43.2, 31.9470007896, 2, 0, 728.413153343
2008.0, 1.0, 30, 806, 1, 21.3, 304.7, 961.9, 42.6, 32.6415008068, 2, 0, 823.430449122
2008.0, 1.0, 30, 807, 1, 22.0, 305.4, 959.4, 44.1, 33.336000824, 2, 0, 929.95057142
2008.0, 1.0, 30, 808, 1, 22.7, 306.0, 957.8, 45.1, 34.0305008411, 2, 0, 1027.82443996
2008.0, 1.0, 30, 809, 1, 23.4, 306.7, 959.3, 44.5, 34.7250008583, 2, 0, 1135.68237874
2008.0, 1.0, 30, 810, 1, 24.0, 307.4, 961.0, 43.7, 35.4195008755, 2, 0, 1237.54850855
2008.0, 1.0, 30, 811, 1, 24.6, 308.0, 963.7, 42.4, 36.1140008926, 2, 0, 1330.43844895
2008.0, 1.0, 30, 812, 1, 25.3, 308.6, 966.3, 41.1, 36.8085009098, 2, 0, 1430.08797781
2008.0, 1.0, 30, 813, 1, 26.1, 309.2, 967.6, 40.5, 37.503000927, 2, 0, 1536.86948026
2008.0, 1.0, 30, 814, 1, 26.8, 309.8, 969.2, 39.8, 38.1975009441, 2, 0, 1637.30377566
2008.0, 1.0, 30, 815, 1, 27.4, 310.6, 969.7, 39.7, 38.8920009613, 2, 0, 1748.38762273
2008.0, 1.0, 30, 816, 1, 28.1, 311.4, 970.7, 39.2, 39.5865009785, 2, 0, 1847.27406397
2008.0, 1.0, 30, 817, 1, 28.7, 312.2, 972.0, 38.6, 40.2810009956, 2, 0, 1918.21548537
2008.0, 1.0, 30, 818, 1, 29.3, 313.0, 972.9, 38.2, 40.9755010128, 2, 0, 1992.83093563
2008.0, 1.0, 30, 819, 1, 30.0, 313.8, 974.3, 37.5, 41.67000103, 2, 0, 1961.0264045
2008.0, 1.0, 30, 820, 1, 30.8, 314.7, 975.4, 37.0, 42.3645010471, 2, 0, 1829.19538302
2008.0, 1.0, 30, 821, 1, 31.6, 315.6, 976.8, 36.2, 43.0590010643, 2, 0, 1697.67344831
2008.0, 1.0, 30, 822, 1, 32.5, 316.4, 977.1, 36.1, 43.7535010815, 2, 0, 1570.76117144
2008.0, 1.0, 30, 823, 1, 33.4, 317.4, 977.4, 36.0, 44.4480010986, 2, 0, 1425.39701986
2008.0, 1.0, 30, 824, 1, 34.4, 318.2, 976.9, 36.3, 45.1425011158, 2, 0, 1296.18359665
2008.0, 1.0, 30, 825, 1, 35.4, 319.0, 978.0, 35.6, 45.837001133, 2, 0, 1170.01174125
2008.0, 1.0, 30, 826, 1, 36.4, 319.6, 979.2, 34.8, 46.5315011501, 2, 0, 1069.06100799
2008.0, 1.0, 30, 827, 1, 37.5, 320.3, 981.3, 33.5, 47.2260011673, 2, 0, 961.533788279
2008.0, 1.0, 30, 828, 1, 38.6, 320.8, 984.4, 31.4, 47.9205011845, 2, 0, 886.557747825
2008.0, 1.0, 30, 829, 1, 39.7, 321.6, 987.4, 29.2, 48.6150012016, 2, 0, 793.089983476
2008.0, 1.0, 30, 830, 1, 40.8, 322.4, 989.8, 27.4, 49.3095012188, 2, 0, 719.487457205
2008.0, 1.0, 30, 831, 1, 42.0, 323.5, 991.4, 25.9, 50.004001236, 2, 0, 645.920841796
2008.0, 1.0, 30, 832, 1, 43.2, 324.6, 993.6, 23.9, 50.6985012531, 2, 0, 612.720014926
2008.0, 1.0, 30, 833, 1, 44.2, 325.8, 995.2, 22.3, 51.3930012703, 2, 0, 603.755949513
2008.0, 1.0, 30, 834, 1, 45.1, 327.0, 996.7, 20.8, 52.0875012875, 2, 0, 632.830840077
2008.0, 1.0, 30, 835, 1, 46.2, 327.7, 998.0, 19.1, 52.7820013046, 2, 0, 731.420328101
2008.0, 1.0, 30, 836, 1, 47.1, 328.7, 997.6, 18.9, 53.4765013218, 2, 0, 819.763168842
2008.0, 1.0, 30, 837, 1, 48.2, 330.3, 996.3, 19.2, 54.171001339, 2, 0, 954.492975523
2008.0, 1.0, 30, 838, 1, 49.2, 332.4, 996.1, 18.7, 54.8655013561, 2, 0, 1122.42273162
2008.0, 1.0, 30, 839, 1, 50.4, 334.7, 998.4, 15.9, 55.5600013733, 2, 0, 1292.00757828
