2008.0, 1.0, 288, 0, 1, 11.9, 316.1, 997.450513031, 18.1084423065, 74.0800018311, 4, 1, 1182.45180938
2008.0, 1.0, 288, 1, 1, 12.3, 315.5, 997.2, 18.3, 71.1862517595, 4, 1, 1169.82483255
2008.0, 1.0, 288, 2, 1, 12.6, 315.0, 996.1, 19.4, 68.292501688, 4, 1, 1160.02490011
2008.0, 1.0, 288, 3, 1, 12.9, 314.4, 994.3, 21.0, 65.3987516165, 4, 1, 1147.00699023
2008.0, 1.0, 288, 4, 1, 13.2, 313.8, 991.6, 23.2, 62.505001545, 4, 1, 1138.72963928
2008.0, 1.0, 288, 5, 1, 13.5, 313.1, 988.6, 25.5, 59.6112514734, 4, 1, 1121.40153031
2008.0, 1.0, 288, 6, 1, 13.7, 312.5, 985.5, 27.9, 56.7175014019, 4, 1, 1102.53050437
2008.0, 1.0, 288, 7, 1, 13.8, 311.8, 983.0, 29.7, 53.8237513304, 4, 1, 1072.8092885
2008.0, 1.0, 288, 8, 1, 13.8, 311.1, 981.4, 30.9, 50.9300012589, 4, 1, 1038.03795104
2008.0, 1.0, 288, 9, 1, 13.8, 310.4, 979.0, 32.5, 48.0362511873, 4, 1, 1007.27329928
2008.0, 1.0, 288, 10, 1, 13.9, 309.7, 975.1, 35.3, 45.1425011158, 4, 1, 985.866051018
2008.0, 1.0, 288, 11, 1, 13.9, 309.0, 970.0, 38.8, 42.2487510443, 4, 1, 939.458047118
2008.0, 1.0, 288, 12, 1, 13.9, 308.3, 964.4, 42.4, 39.3550009727, 4, 1, 862.003073477
2008.0, 1.0, 288, 13, 1, 13.9, 307.6, 959.2, 45.8, 36.4612509012, 4, 1, 784.613201764
2008.0, 1.0, 288, 14, 1, 14.0, 306.9, 951.8, 50.4, 33.5675008297, 4, 1, 708.694697527
2008.0, 1.0, 288, 15, 1, 14.1, 306.1, 944.9, 54.6, 30.6737507582, 4, 1, 622.468307071
2008.0, 1.0, 288, 16, 1, 14.3, 305.3, 937.3, 59.3, 27.7800006866, 4, 1, 539.851128743
2008.0, 1.0, 288, 17, 1, 14.5, 304.5, 938.3, 58.7, 28.0372229152, 4, 1, 460.656595618
2008.0, 1.0, 288, 18, 1, 14.6, 303.8, 946.6, 53.7, 28.2944451438, 4, 1, 392.307705291
2008.0, 1.0, 288, 19, 1, 14.7, 303.1, 951.1, 51.0, 28.5516673724, 4, 1, 328.563276365
2008.0, 1.0, 288, 20, 1, 14.8, 302.3, 955.8, 48.0, 28.808889601, 4, 1, 264.497744027
2008.0, 1.0, 288, 21, 1, 15.0, 301.5, 960.4, 45.1, 29.0661118295, 4, 1, 222.369031254
2008.0, 1.0, 288, 22, 1, 15.2, 300.7, 966.7, 41.1, 29.3233340581, 4, 1, 181.775285843
2008.0, 1.0, 288, 23, 1, 15.3, 300.0, 970.4, 38.6, 29.5805562867, 4, 1, 113.857939888
2008.0, 1.0, 288, 24, 1, 15.5, 299.4, 973.6, 36.5, 29.8377785153, 4, 1, 72.3783150308
2008.0, 1.0, 288, 25, 1, 15.8, 298.9, 977.1, 34.2, 30.0950007439, 4, 1, 16.0102692315
2008.0, 1.0, 288, 26, 1, 16.0, 298.4, 981.5, 31.3, 30.3522229724, 4, 1, 0.0
2008.0, 1.0, 288, 27, 1, 16.2, 297.9, 984.5, 28.9, 30.609445201, 4, 1, 33.6771540536
2008.0, 1.0, 288, 28, 1, 16.4, 297.4, 986.4, 27.6, 30.8666674296, 4, 1, 53.2555650076
2008.0, 1.0, 288, 29, 1, 16.6, 297.0, 988.3, 26.2, 31.1238896582, 4, 1, 69.7808576171
2008.0, 1.0, 288, 30, 1, 16.7, 296.7, 990.0, 25.0, 31.3811118868, 4, 1, 87.3149987349
2008.0, 1.0, 288, 31, 1, 16.8, 296.4, 990.8, 24.4, 31.6383341153, 4, 1, 98.3064562679
2008.0, 1.0, 288, 32, 1, 17.0, 296.2, 993.7, 22.3, 31.8955563439, 4, 1, 91.0373163652
2008.0, 1.0, 288, 33, 1, 17.2, 296.2, 992.1, 23.6, 32.1527785725, 4, 1, 75.715055761
2008.0, 1.0, 288, 34, 1, 17.3, 296.2, 988.3, 26.5, 32.4100008011, 4, 1, 69.4671695828
2008.0, 1.0, 288, 35, 1, 17.4, 296.2, 983.8, 29.9, 32.6672230297, 4, 1, 64.541139739
2008.0, 1.0, 288, 36, 1, 17.6, 296.2, 983.5, 30.1, 32.9244452582, 4, 1, 59.8845566129
2008.0, 1.0, 288, 37, 1, 17.8, 296.1, 981.0, 31.9, 33.1816674868, 4, 1, 73.5629457055
2008.0, 1.0, 288, 38, 1, 17.9, 296.1, 979.2, 33.3, 33.4388897154, 4, 1, 75.476380224
2008.0, 1.0, 288, 39, 1, 18.0, 295.9, 975.1, 36.1, 33.696111944, 4, 1, 58.2395881878
2008.0, 1.0, 288, 40, 1, 18.1, 295.7, 974.3, 36.7, 33.9533341726, 4, 1, 39.3039600452
2008.0, 1.0, 288, 41, 1, 18.2, 295.5, 974.2, 36.8, 34.2105564011, 4, 1, 23.1708779216
2008.0, 1.0, 288, 42, 1, 18.4, 295.4, 974.8, 36.5, 34.4677786297, 4, 1, 1.58335139584
2008.0, 1.0, 288, 43, 1, 18.6, 295.2, 974.8, 36.5, 34.7250008583, 4, 1, 23.1153852509
2008.0, 1.0, 288, 44, 1, 18.8, 295.1, 977.8, 34.5, 34.9822230869, 4, 1, 46.4585857153
2008.0, 1.0, 288, 45, 1, 19.1, 295.1, 980.4, 32.8, 35.2394453155, 4, 1, 66.6999800649
2008.0, 1.0, 288, 46, 1, 19.3, 295.2, 980.0, 33.2, 35.496667544, 4, 1, 74.9817988145
2008.0, 1.0, 288, 47, 1, 19.4, 295.3, 982.0, 31.9, 35.7538897726, 4, 1, 79.247254137
2008.0, 1.0, 288, 48, 1, 19.5, 295.3, 986.6, 28.6, 36.0111120012, 4, 1, 89.53367484
2008.0, 1.0, 288, 49, 1, 19.6, 295.4, 990.4, 25.8, 36.2683342298, 4, 1, 97.0308988371
2008.0, 1.0, 288, 50, 1, 19.6, 295.5, 995.5, 21.9, 36.5255564584, 4, 1, 95.2055788235
2008.0, 1.0, 288, 51, 1, 19.5, 295.6, 1000.1, 18.2, 36.7827786869, 4, 1, 83.3134623393
2008.0, 1.0, 288, 52, 1, 19.5, 295.7, 1002.1, 16.6, 37.0400009155, 4, 1, 83.4139211321
